450
2684
679
3994
5725
5139
773
1555
7455
5788
6122
9592
2687
2967
7133
1373
3990
5640
5688
1035
3512
6759
2388
4118
3670
22
7091
5
5915
4834
3375
6015
1802
7021
3320
1411
1513
7673
7936
7324
8720
7785
971
2285
4671
1317
4540
360
1926
9850
5874
1471
1227
3539
8302
1938
3668
9529
8099
5545
8399
368
7637
2580
9548
2642
9950
6007
2750
7898
7846
2061
7841
9088
4104
5128
7694
8551
4246
6481
9476
4773
4280
2470
9791
9711
2809
8434
5361
8656
6394
6011
1715
2307
8959
5703
3356
4168
3071
9060
3642
4499
9297
5434
1688
3016
7412
5010
1570
1680
4328
3165
8956
4600
2287
7195
7048
1840
8060
85
4271
8557
9901
7701
3042
3870
3918
1193
5746
7274
4941
7970
6351
8674
9748
30
3458
5117
6067
5704
6351
4888
4299
8536
8350
8974
3676
921
1411
2012
5354
8745
7817
1660
3625
5991
8554
6375
9023
9440
6896
2713
8815
2220
2743
5009
2813
227
5134
5432
4767
8111
4734
8770
4222
5251
3132
698
6559
9225
9742
2206
4701
2796
9085
7569
5933
6582
6166
156
6221
8617
9199
4619
3467
9880
5440
6048
6226
787
369
8203
5476
2566
9524
6200
5449
6215
8064
8737
7038
6107
6439
1921
3090
5276
7520
9884
2142
8036
6598
8311
5072
9715
4888
2881
3360
8642
8492
1406
165
1322
8709
1799
2179
2850
3518
619
8648
8159
2519
6238
8638
8603
2870
4139
4455
2783
8790
6178
7732
2358
568
4374
7702
7454
4017
4312
2149
3734
2658
1882
1101
7328
2698
4466
4588
5702
9741
5999
1119
1681
2057
9425
4659
1821
7171
1175
1474
3519
2192
1055
1251
6350
6551
833
8804
4313
9818
5325
5641
3503
3443
6172
1912
1862
3270
6956
6461
8253
758
7957
2827
3451
5965
5604
3514
2718
1857
429
325
5935
5122
5614
1961
8633
3098
8997
7136
7520
2068
3515
9127
4568
586
3739
4689
9999
5365
4372
9604
7014
2591
1440
2902
7131
3912
6991
2381
2332
2424
5213
1382
1865
2322
2780
1075
5756
5145
1450
7316
8150
3146
3845
3871
6210
1342
862
7512
3769
7483
5817
1926
4575
6411
2794
9303
8480
8224
6287
856
7203
5345
691
9853
1857
2363
9827
2120
3183
8940
2196
2160
7061
5483
2167
9610
7614
2328
8752
6334
2040
6485
3605
1438
22
2619
7591
6605
8288
3724
4584
7573
3168
8180
8567
8142
6606
2281
9641
9696
7116
9206
2371
4646
8983
3248
2326
4208
4369
9352
7309
3634
3594
9979
8665
4462
3237
8311
5219
4750
6067
8444
9635
3
4763
2922
2649
227
7458
2591
5252
3621
4059
9301
7608
8194
7606
8131
9103
4756
